27253 27324
27036 27850
27004 27718
26454 26592
25712 27668
25607 26211
24373 25727
24199 25292
23624 27738
23203 26321
22971 23614
22931 28306
22192 23587
22127 24191
22026 26764
21904 24398
21821 25333
21766 28065
21717 26220
21586 22110
20531 22465
20525 26691
20468 28095
20153 26303
20005 26753
19915 23239
19439 22885
19421 27592
19218 25518
19136 27512
18809 22627
18743 20530
18741 18921
18477 19941
18297 26727
17900 19170
17579 22042
17490 22886
17423 23145
17111 24347
17085 24687
17017 23599
16915 20683
16647 27654
16400 26618
15904 19775
15805 19230
15774 19429
15723 20603
15385 27971
15347 17864
15346 21111
15329 17033
15295 27950
15217 24678
15124 18032
14977 24305
14842 18049
14800 22359
14660 21322
14550 19045
14311 22812
14281 23905
14260 22381
14095 27045
14055 22779
13989 19625
13838 15050
13757 24471
13578 27704
13492 27522
13464 23452
13373 19303
13304 17399
13218 19313
13211 17734
13161 13751
12919 16698
12844 25181
12736 13731
12469 12914
12260 22236
12256 25782
12083 14642
12080 17345
12051 25910
11899 18047
11749 28408
11489 24142
11409 25980
11319 13730
11281 18103
11244 21164
11037 27079
11036 11483
10900 21743
10732 22207
10706 19828
10604 15981
10579 15460
10533 21025
10481 11782
10382 18554
10332 14908
9930 25021
9731 17738
9670 25082
9667 17256
9466 28023
9336 26769
9299 11981
9279 22342
9200 25364
8850 21543
8721 10478
8707 20481
8635 26370
8495 27191
8300 22172
8178 11848
8109 16409
8081 18734
8003 19670
7983 21671
7980 27782
7838 9972
7674 26225
7561 23638
7553 21990
7419 23542
7135 9612
7104 21719
7089 21556
7037 23193
6954 21080
6769 11068
6567 13526
6559 25784
6482 26944
6233 11374
6168 13234
6161 23890
6109 26511
5900 16317
5539 8047
5417 27324
5417 27253
5378 19940
5330 24471
5330 13757
5254 23737
5200 7123
5050 14844
5041 16196
4988 27779
4977 10507
4908 22115
4795 15092
4746 14496
4737 12952
4581 28009
4531 17821
4528 9898
4491 21421
4460 11809
4334 6162
4310 22798
4230 13220
4183 12743
4154 16945
4134 14193
4115 4373
3830 6722
3829 9257
3822 28592
3787 4807
3535 5606
3528 14375
3519 14392
3399 3647
3385 12023
3232 11355
2908 25604
2876 9089
2827 11107
2821 23078
2795 12373
2619 3981
2601 24803
2591 9131
2573 22256
2551 21574
2534 26563
2522 13572
2492 16122
2478 21708
2437 17269
2431 15958
2383 5131
2335 15181
2302 25169
2295 6671
2252 4719
2176 18182
2175 26248
2046 20965
2008 22709
1988 19057
1914 6541
1887 15283
1611 23939
1495 8996
1481 4146
1427 14773
1379 14207
1364 8482
1322 21989
1312 5719
1296 27682
1282 20365
1260 25677
1221 6410
1152 25862
1080 2391
1079 27390
1049 11872
987 4714
872 26703
795 14691
637 14968
632 13994
579 5459
468 1885
458 12759
443 13027
427 1035
413 4304
367 20678
303 23403
153 25293
144 23111
77 10612
51 27662
7588 24256
9475 25418
9420 18044
5668 9261
4196 10501
12569 18894
2596 12569
7689 24829
2301 18676
8749 16362
7689 24288
5853 15073
24288 24829
11911 12968
26705 28439
4161 22668
644 2453
12968 23278
2596 18894
5668 7689
6999 9417
11911 23278
2596 11669
25949 26378
11669 19074
19823 25658
2433 4764
7194 9377
7689 9261
5516 16943
5171 24829
5171 24288
5171 7689
14448 19760
1318 14210
9655 15959
5668 24829
11669 12569
15610 19682
1190 8294
2596 19074
11543 11886
13860 28219
12569 19074
5334 23805
5668 24288
9261 24829
20585 23503
11707 20916
15981 27861
10604 27861
11624 17528
20121 26982
13661 15183
5171 5668
9261 24288
13307 25425
11886 13835
878 16557
1881 5761
5171 9261
644 6080
3409 13782
8833 27653
11669 18894
12698 23508
17302 20622
11543 13835
14153 20228
12280 22570
4747 27612
13835 22404
1734 19074
18894 19074
2453 6080
1329 9584
17681 18507
11543 22404
13661 23671
14483 17128
11180 27299
11710 26240
878 21541
13363 21786
1734 11669
6179 6999
26872 26903
4261 8948
9994 11509
13171 24265
11886 22404
5710 17735
7213 17046
9994 27242
13038 17105
14894 25761
11509 27242
763 25445
16669 27859
9305 20757
6786 19743
1734 2596
9310 14894
1734 12569
6179 9417
15183 23671
20506 24718
1873 2617
26084 27718
26084 27004
20506 25350
12541 17396
1734 18894
13087 18947
4371 12673
13458 23650
16557 21541
3702 21942
4214 19056
11473 17380
4484 7015
11035 19232
1329 27129
16119 20822
2132 18584
4046 21555
3323 12912
3415 26201
14733 23159
3488 4177
25519 27861
18584 21531
5831 24738
6412 19232
146 6087
6999 15096
7987 23036
4192 19131
9310 25761
21156 21786
6087 6614
7752 10791
6928 16044
2132 21531
24718 25350
15981 25519
10604 25519
16974 20474
17908 28539
9880 21570
9417 15096
4086 7752
1579 7746
5187 7972
11771 11993
877 5263
8404 20267
13046 15123
6179 15096
8471 8632
3415 11751
344 15690
9584 27129
6373 10233
3963 25008
5027 24718
12744 16307
3635 17716
6298 23941
7317 25445
5027 25350
1396 15357
1308 9467
11295 23238
13363 21156
12128 25955
24369 27929
5027 20506
7112 27355
146 6614
1939 20174
763 7317
1396 5040
4161 13441
6412 11035
5008 10233
11751 26201
2763 7423
1457 23068
11906 23650
9205 21411
11220 20474
1949 16895
10606 19957
11220 16974
3488 10233
7750 17716
1396 5008
13441 22668
3635 7750
20474 22442
2138 7515
2130 21007
5008 15357
5008 17990
4338 23446
1951 23751
16518 16776
1060 19211
5040 6373
982 27948
7781 22371
16566 17927
1788 14400
18675 19957
19957 26871
24161 25955
16974 22442
10233 20970
23048 26079
14988 17315
748 27744
11906 13458
23068 23544
5831 18128
3488 20970
3362 11303
14716 24738
5810 19957
9417 21995
12128 24161
15695 27273
2347 17465
6373 15357
1396 6373
19095 20782
23557 25816
711 27744
4146 16582
1481 16582
2239 7527
711 748
20287 20822
6999 21995
21998 27974
12912 20838
17770 18581
16623 19743
3061 3376
4956 14502
20099 25816
4117 20040
3505 12677
9745 16582
6928 7986
5810 10606
16078 16974
4146 9745
1481 9745
12677 16941
1396 27744
1683 5550
10606 18675
982 27273
8891 9745
15133 25571
16078 20474
4747 26157
8894 15085
79 5290
748 10233
8599 12737
1457 23544
6179 21995
4882 18492
14733 19802
6373 20970
9959 15308
5831 14716
26157 27612
10606 26871
11024 12185
7648 19903
12105 19182
4086 10791
14033 26139
5810 18675
20099 23557
18675 26871
5008 27744
5810 26871
15695 27948
4177 27744
748 3488
5008 5040
16119 20287
3488 6373
3505 16941
13613 17030
15357 17990
11220 16078
17035 22792
8891 16582
2564 4735
3489 23508
1060 9001
5040 15357
27273 27948
10791 14402
7213 8950
26935 27169
19802 23159
5086 20267
4146 8891
1481 8891
7986 16044
12132 26928
9600 15455
982 15695
18288 24456
11332 21850
11220 22442
5040 27744
16241 26165
5875 23195
15243 19326
12509 15615
1078 5683
7752 19353
4703 9846
9517 14013
1691 12532
4898 25015
21786 25800
16081 21132
3489 12698
711 5040
3194 9600
10233 17990
11061 15345
12105 17296
3489 13607
711 1396
14352 14448
891 18517
6024 17650
16307 26541
14352 19760
9517 28159
2404 28154
13368 21156
184 21007
16078 22442
748 6373
8427 26361
15695 16582
2224 10934
7119 16482
111 7751
16099 16744
25313 26321
23203 25313
3488 5008
10091 21237
982 16582
4091 14592
599 3812
1396 10233
10083 28283
3133 4569
7500 16807
4177 5008
13601 23718
18718 18838
548 19672
1396 17990
5008 6373
16582 27948
1020 10208
2098 14316
5673 17721
2279 15096
15588 22695
1607 9164
10791 19353
3220 9188
12669 27587
19557 28254
2312 26781
13363 25800
7793 16403
1396 4177
17782 27257
16487 27366
3214 24152
7928 28414
5086 8404
20121 25364
9200 20121
1396 3488
9033 22428
748 20970
184 2130
3444 4898
3323 20838
8950 17046
5192 12185
2511 4855
711 5008
225 21558
1018 12560
18094 23303
17990 27744
6786 16623
3488 27744
1498 8371
17972 22657
3488 5040
14988 24050
9124 24459
12949 18972
1654 10740
15357 27744
4177 5040
6417 10045
5192 11024
17087 27937
711 4177
20186 23144
15947 25196
16582 27273
2638 6438
11871 15981
10604 11871
599 24017
988 20847
22668 27896
4882 28449
10664 18129
599 21741
19633 28524
10091 10695
17956 20015
8965 28522
21741 24017
4161 27896
17160 19498
599 6254
13169 18986
18285 27763
23753 28539
2271 6166
17745 18986
5144 9106
18449 27457
1558 8965
22792 25469
4338 24456
7510 9021
13195 24064
15161 27643
3739 24152
3346 28418
9745 27948
5040 10233
3194 15455
8323 15308
15000 19310
22792 28283
14013 18629
12230 24050
4146 15695
1481 15695
13441 27896
5008 20970
748 1396
9001 19211
9745 15695
13317 19682
18517 25816
17296 19182
10083 22792
8804 13669
982 4146
982 1481
6456 23789
25469 28283
3112 24369
9745 27273
6254 21741
12774 13637
10947 19264
17315 24050
4177 20970
10233 27744
8243 10916
10664 18167
13317 15610
12902 27199
25364 26982
9200 26982
891 25816
10083 25469
12912 21571
982 9745
711 15357
11871 27861
4755 12430
23418 27781
14402 19353
10233 15357
4177 10233
18492 28449
1396 20970
6528 8872
711 3488
982 8891
11921 22020
891 20099
3323 21571
8213 11390
13037 16487
5040 17990
16264 22868
6373 17990
18129 18167
7752 14402
17972 25116
4146 27273
1481 27273
17035 25469
3434 17161
15096 21995
9106 12957
17908 23753
21741 25175
3214 25921
3346 7628
23244 27524
599 25175
5144 12957
6221 22807
3441 25296
4177 17990
20024 26730
17972 25726
10269 24050
3004 20339
2055 14194
3240 10755
11871 25519
422 6005
1553 4858
24655 27713
1104 18866
9517 18629
2939 10638
7628 28418
4894 14502
711 17990
6510 28131
2183 15914
11938 13980
6193 7991
21156 25800
10664 16470
4086 19353
3214 3739
1308 25950
18128 24738
285 14017
11948 26511
6109 11948
4146 27948
1481 27948
20970 27744
10083 17035
3103 19793
748 5008
3406 28315
3470 5872
13937 22716
1457 24929
521 4593
23446 24456
5203 14421
3812 6254
8107 22729
707 1422
6254 24017
3812 24017
8891 27273
18584 25073
1740 22188
8323 9959
12064 20853
3812 21741
7283 19013
20084 26661
14014 20853
6373 27744
3112 27929
17052 21331
13472 18167
13363 13368
273 4034
7721 9149
1313 26115
19887 23508
711 6373
1553 28427
17533 26263
1891 22249
13340 18866
6221 27886
8728 26308
2107 14282
17267 23100
1104 13340
10064 23544
8891 27948
8891 15695
18472 28430
4061 21768
3812 25175
14013 28159
15874 16514
7793 16947
12207 26121
22657 25116
8418 8803
10520 22253
4894 4956
9467 25950
15357 20970
5683 17238
5259 9776
26295 27937
7914 20114
1702 18623
11450 19777
4898 16171
748 5040
13092 20366
5273 15535
1078 17238
10048 15553
20541 22338
13870 20590
3488 15357
12912 18966
4432 27136
4858 28427
8416 11683
13368 21786
10695 21237
748 4177
24152 25921
5062 14058
12744 26541
4177 15357
5040 20970
12698 19887
10091 13353
2240 4012
5644 14058
1094 25109
16470 18129
11151 17138
945 8193
7122 17550
1422 28206
4321 6576
6576 26386
2885 19957
9664 16069
10747 23201
7432 15763
3488 17990
14454 21548
20809 28171
6254 25175
6248 8288
4858 16170
9823 27937
11652 12748
20627 26779
5298 16086
5715 14631
3323 18966
891 23557
18843 24661
3112 17302
9033 17120
3214 26891
13401 18285
18629 28159
711 10233
24017 25175
8267 14158
4784 7965
21388 26139
2885 5810
1078 8371
8986 10008
3112 20622
4676 13441
26741 26931
5737 6361
2648 4610
12833 24224
14716 18128
22099 27465
780 24413
21345 24745
22716 24095
17990 20970
8267 11617
12752 13099
24387 24558
10181 14925
19223 26744
2340 2932
14182 22138
1740 14725
2482 27627
16171 25015
4086 14402
17469 24152
16403 16947
24069 24182
3444 16171
13169 17745
10520 26812
16470 18167
5885 13191
16170 28427
9090 23753
370 18866
8418 13401
13003 24307
17035 28283
4827 16013
21531 25073
9998 22186
17314 22540
16757 22563
3214 17469
2956 15395
1740 4281
748 17990
8267 20401
6972 26036
12059 18466
2835 8346
18517 23557
841 26891
